1	13.735	0.003	2.30256	2.30262	0.12	0.12
101	24.992	0.003	2.30259	2.30247	0.06	0.11
201	35.7444	0.003	2.30291	2.3029	0.1	0.09
301	42.2691	0.003	2.30276	2.30252	0.12	0.11
401	57.3478	0.003	2.30217	2.30269	0.1	0.1
501	68.0244	0.003	2.30194	2.30262	0.1	0.12
601	78.3879	0.003	2.30277	2.30232	0.09	0.09
701	84.9607	0.003	2.30107	2.302	0.11	0.09
801	100.271	0.003	2.30165	2.30203	0.11	0.18
901	110.9	0.003	2.30095	2.30083	0.14	0.11
1001	121.059	0.00255	2.28719	2.28802	0.12	0.24
1101	127.625	0.00255	2.25244	2.18077	0.1	0.19
1201	143.106	0.00255	2.09429	2.06836	0.17	0.24
1301	153.711	0.00255	2.09445	1.99469	0.16	0.22
1401	163.712	0.00255	1.91833	1.96763	0.23	0.23
1501	170.287	0.00255	1.96515	1.91971	0.3	0.18
1601	185.763	0.00255	2.02053	2.03418	0.26	0.26
1701	196.383	0.00255	1.93296	1.82816	0.23	0.26
1801	206.23	0.00255	2.1149	1.84909	0.23	0.34
1901	212.81	0.00255	1.81921	1.74149	0.33	0.32
2001	228.634	0.0021675	1.89784	1.73191	0.26	0.28
2101	239.223	0.0021675	1.84626	1.69749	0.37	0.31
2201	248.907	0.0021675	1.88607	1.66681	0.36	0.35
2301	255.49	0.0021675	1.84027	1.62846	0.32	0.25
2401	271.421	0.0021675	1.68879	1.5216	0.48	0.34
2501	282.023	0.0021675	1.70955	1.52726	0.41	0.29
2601	291.523	0.0021675	1.84197	1.57233	0.4	0.32
2701	298.118	0.0021675	1.66963	1.53362	0.35	0.42
2801	314.277	0.0021675	1.75781	1.47593	0.41	0.46
2901	324.896	0.0021675	1.5659	1.44101	0.5	0.42
3001	334.251	0.00184238	1.53669	1.4088	0.45	0.44
3101	340.838	0.00184238	1.51752	1.39582	0.47	0.42
3201	356.935	0.00184238	1.56047	1.37595	0.46	0.39
3301	367.531	0.00184238	1.47618	1.37886	0.48	0.35
3401	376.734	0.00184238	1.43287	1.34945	0.5	0.47
3501	383.32	0.00184238	1.50257	1.3361	0.49	0.47
3601	400	0.00184238	1.5746	1.38859	0.44	0.42
3701	410.647	0.00184238	1.29484	1.28582	0.58	0.48
3801	419.69	0.00184238	1.51944	1.25264	0.43	0.48
3901	426.283	0.00184238	1.51958	1.23985	0.41	0.48
4001	442.957	0.00156602	1.30757	1.20249	0.54	0.48
4101	453.566	0.00156602	1.34854	1.12741	0.59	0.54
4201	462.438	0.00156602	1.3067	1.16818	0.5	0.62
4301	469.031	0.00156602	1.36131	1.10707	0.53	0.56
4401	485.643	0.00156602	1.58331	1.10687	0.46	0.45
4501	496.27	0.00156602	1.15677	1.18416	0.58	0.6
4601	505.01	0.00156602	1.29491	1.17322	0.58	0.5
4701	511.606	0.00156602	1.43321	1.13167	0.45	0.61
4801	528.532	0.00156602	1.28528	1.13907	0.56	0.48
4901	539.115	0.00156602	1.14226	1.20265	0.56	0.55
5001	547.67	0.00133112	1.36205	1.04836	0.52	0.46
5101	554.263	0.00133112	1.27184	1.1041	0.59	0.53
5201	571.368	0.00133112	0.886358	1.02548	0.7	0.59
5301	581.964	0.00133112	1.3521	1.0531	0.55	0.6
5401	590.36	0.00133112	1.00352	0.961018	0.64	0.51
5501	596.951	0.00133112	1.0961	1.09048	0.61	0.51
5601	614.011	0.00133112	1.02501	1.07406	0.58	0.6
5701	624.603	0.00133112	1.06282	0.928371	0.63	0.73
5801	632.835	0.00133112	1.17852	0.989534	0.63	0.66
5901	639.422	0.00133112	1.10626	0.95775	0.6	0.54
6001	656.885	0.00113145	1.17512	0.920249	0.61	0.64
6101	667.476	0.00113145	1.05877	0.906769	0.63	0.57
6201	675.537	0.00113145	1.14282	0.953496	0.54	0.63
6301	682.124	0.00113145	1.10341	0.952198	0.61	0.68
6401	699.678	0.00113145	1.01269	0.889364	0.64	0.61
6501	710.288	0.00113145	1.07883	1.00002	0.65	0.62
6601	718.191	0.00113145	0.988112	0.944463	0.63	0.63
6701	724.776	0.00113145	1.14702	0.887677	0.61	0.61
6801	742.334	0.00113145	0.993136	0.875185	0.69	0.62
6901	752.947	0.00113145	0.886751	0.878434	0.67	0.67
7001	760.688	0.000961731	0.967265	0.856352	0.67	0.71
7101	767.284	0.000961731	0.94214	0.820078	0.72	0.64
7201	785.153	0.000961731	1.01008	0.857641	0.66	0.65
7301	795.763	0.000961731	1.0102	0.845227	0.63	0.64
7401	803.338	0.000961731	0.864463	0.868398	0.71	0.66
7501	809.931	0.000961731	0.989988	0.935391	0.68	0.6
7601	827.952	0.000961731	0.836536	0.906452	0.67	0.56
7701	838.569	0.000961731	1.02662	0.833796	0.66	0.69
7801	845.986	0.000961731	0.956721	0.788666	0.65	0.76
7901	852.58	0.000961731	1.01647	0.7971	0.62	0.68
8001	870.913	0.000817472	0.714082	0.773638	0.77	0.6
8101	881.532	0.000817472	0.986023	0.822267	0.68	0.67
8201	888.781	0.000817472	0.818378	0.822005	0.72	0.63
8301	895.369	0.000817472	0.970188	0.838481	0.63	0.74
8401	913.54	0.000817472	0.780119	0.796868	0.69	0.64
8501	924.155	0.000817472	1.07461	0.749504	0.63	0.7
8601	931.251	0.000817472	0.806568	0.78393	0.78	0.66
8701	937.85	0.000817472	0.762051	0.787003	0.77	0.73
8801	956.532	0.000817472	0.909585	0.749368	0.71	0.7
8901	967.151	0.000817472	0.843853	0.756245	0.72	0.74
9001	974.091	0.000694851	0.929272	0.713949	0.73	0.75
9101	980.667	0.000694851	0.710786	0.752213	0.78	0.75
9201	999.276	0.000694851	0.788512	0.788944	0.74	0.75
9301	1009.87	0.000694851	0.875955	0.758207	0.74	0.74
9401	1016.64	0.000694851	0.864825	0.738643	0.73	0.7
9501	1023.23	0.000694851	0.872154	0.761043	0.66	0.63
9601	1042.15	0.000694851	0.802081	0.794904	0.7	0.69
9701	1052.76	0.000694851	0.751536	0.785379	0.73	0.69
9801	1059.36	0.000694851	0.781385	0.702248	0.79	0.79
9901	1073.89	0.000694851	1.03252	0.702184	0.66	0.65
10001	1084.51	0.000590623	0.836113	0.708325	0.71	0.73
10101	1095.02	0.000590623	0.773731	0.739561	0.74	0.67
10201	1101.59	0.000590623	0.897515	0.747198	0.67	0.65
10301	1116.62	0.000590623	0.93466	0.710263	0.69	0.71
10401	1127.27	0.000590623	0.701312	0.699614	0.74	0.67
10501	1137.62	0.000590623	0.530008	0.698712	0.82	0.8
10601	1144.2	0.000590623	0.780561	0.722658	0.72	0.74
10701	1159.42	0.000590623	0.614764	0.76994	0.74	0.79
10801	1170.06	0.000590623	0.62484	0.679489	0.72	0.8
10901	1180.27	0.000590623	0.903107	0.695574	0.68	0.73
11001	1186.85	0.00050203	0.793276	0.663041	0.71	0.81
11101	1202.27	0.00050203	0.77345	0.700578	0.72	0.74
11201	1212.89	0.00050203	0.720513	0.704624	0.77	0.79
11301	1222.9	0.00050203	0.693465	0.688661	0.77	0.65
11401	1229.48	0.00050203	0.80967	0.71136	0.7	0.63
11501	1244.9	0.00050203	0.511897	0.660445	0.81	0.81
11601	1255.51	0.00050203	0.686909	0.724301	0.79	0.61
11701	1265.38	0.00050203	0.680253	0.730827	0.79	0.79
11801	1271.97	0.00050203	0.752082	0.651678	0.75	0.8
11901	1287.67	0.00050203	0.565558	0.625174	0.79	0.79
12001	1298.27	0.000426725	0.856478	0.647751	0.7	0.83
12101	1307.98	0.000426725	0.626672	0.627658	0.77	0.77
12201	1314.56	0.000426725	0.856178	0.684187	0.72	0.76
12301	1330.45	0.000426725	0.737197	0.699442	0.74	0.72
12401	1341.05	0.000426725	0.585407	0.651577	0.81	0.78
12501	1350.6	0.000426725	0.835654	0.670109	0.73	0.75
12601	1357.18	0.000426725	0.868655	0.660014	0.71	0.83
12701	1373.23	0.000426725	0.599602	0.677737	0.79	0.77
12801	1383.83	0.000426725	0.81457	0.620893	0.69	0.64
12901	1393.21	0.000426725	0.804229	0.624192	0.76	0.77
13001	1399.79	0.000362717	0.531338	0.630631	0.77	0.7
13101	1415.84	0.000362717	0.570204	0.659558	0.81	0.76
13201	1426.43	0.000362717	0.719824	0.690594	0.78	0.77
13301	1435.65	0.000362717	0.78172	0.649069	0.66	0.75
13401	1442.25	0.000362717	0.791919	0.669267	0.69	0.84
13501	1458.81	0.000362717	0.599868	0.637523	0.82	0.69
13601	1469.4	0.000362717	0.563971	0.624395	0.81	0.77
13701	1478.48	0.000362717	0.900742	0.661558	0.66	0.78
13801	1485.07	0.000362717	0.863251	0.615361	0.69	0.7
13901	1501.62	0.000362717	0.713194	0.570224	0.81	0.73
14001	1512.24	0.000308309	0.570284	0.593532	0.77	0.8
14101	1521.14	0.000308309	0.742617	0.658744	0.71	0.79
14201	1527.72	0.000308309	0.659965	0.675652	0.81	0.83
14301	1544.38	0.000308309	0.742191	0.630426	0.77	0.77
14401	1554.97	0.000308309	0.448747	0.64461	0.84	0.75
14501	1563.71	0.000308309	0.787192	0.623251	0.73	0.78
14601	1570.29	0.000308309	0.821892	0.606245	0.75	0.83
14701	1586.96	0.000308309	0.678335	0.616297	0.73	0.83
14801	1597.56	0.000308309	0.658487	0.598132	0.76	0.79
14901	1606.15	0.000308309	0.783443	0.585723	0.74	0.82
15001	1612.72	0.000262063	0.494817	0.578013	0.84	0.75
15101	1629.75	0.000262063	0.470344	0.69389	0.83	0.78
15201	1640.34	0.000262063	0.855814	0.664776	0.69	0.8
15301	1648.78	0.000262063	0.694672	0.622547	0.73	0.8
15401	1655.37	0.000262063	0.740966	0.615083	0.68	0.85
15501	1672.62	0.000262063	0.746444	0.622604	0.75	0.87
15601	1683.24	0.000262063	0.609535	0.622527	0.8	0.81
15701	1691.5	0.000262063	0.705691	0.636898	0.77	0.75
15801	1698.09	0.000262063	0.57964	0.588321	0.81	0.82
15901	1715.53	0.000262063	0.629583	0.564103	0.76	0.73
16001	1726.12	0.000222753	0.659159	0.567657	0.79	0.82
16101	1734.24	0.000222753	0.736232	0.633707	0.72	0.77
16201	1740.83	0.000222753	0.581424	0.624856	0.8	0.83
16301	1758.15	0.000222753	0.590532	0.597906	0.84	0.82
16401	1768.75	0.000222753	0.553466	0.626841	0.81	0.78
16501	1776.69	0.000222753	0.670194	0.622282	0.78	0.83
16601	1783.27	0.000222753	0.61485	0.603764	0.79	0.83
16701	1800.86	0.000222753	0.540423	0.640093	0.8	0.83
16801	1811.46	0.000222753	0.607507	0.568974	0.78	0.8
16901	1819.23	0.000222753	0.785387	0.562521	0.78	0.76
17001	1825.82	0.00018934	0.713386	0.564056	0.77	0.75
17101	1843.66	0.00018934	0.721751	0.591217	0.76	0.85
17201	1854.25	0.00018934	0.512625	0.623707	0.87	0.81
17301	1861.86	0.00018934	0.417631	0.598797	0.86	0.81
17401	1868.44	0.00018934	0.509315	0.608704	0.84	0.74
17501	1886.66	0.00018934	0.56222	0.590631	0.83	0.79
17601	1897.26	0.00018934	0.697014	0.613551	0.81	0.79
17701	1904.72	0.00018934	0.543729	0.593186	0.79	0.82
17801	1911.3	0.00018934	0.582969	0.568216	0.84	0.74
17901	1929.27	0.00018934	0.442424	0.536283	0.84	0.9
18001	1939.88	0.000160939	0.459641	0.563744	0.83	0.75
18101	1947.18	0.000160939	0.431075	0.587574	0.85	0.8
18201	1953.75	0.000160939	0.548273	0.610547	0.83	0.78
18301	1972.1	0.000160939	0.665907	0.58188	0.77	0.79
18401	1982.7	0.000160939	0.482242	0.587425	0.8	0.82
18501	1989.83	0.000160939	0.565287	0.554457	0.82	0.8
18601	1996.41	0.000160939	0.532503	0.560501	0.81	0.77
18701	2014.89	0.000160939	0.506646	0.601158	0.83	0.8
18801	2025.48	0.000160939	0.606692	0.552239	0.79	0.81
18901	2032.45	0.000160939	0.630905	0.554545	0.81	0.79
19001	2039.03	0.000136798	0.540923	0.533764	0.81	0.82
19101	2057.61	0.000136798	0.58407	0.58911	0.79	0.75
19201	2068.22	0.000136798	0.506902	0.600867	0.82	0.7
19301	2075.02	0.000136798	0.650149	0.578238	0.76	0.83
19401	2081.6	0.000136798	0.418172	0.582542	0.87	0.75
19501	2100.23	0.000136798	0.501004	0.557104	0.8	0.82
19601	2110.84	0.000136798	0.607595	0.544935	0.79	0.78
19701	2117.49	0.000136798	0.536945	0.583828	0.81	0.88
19801	2124.06	0.000136798	0.592553	0.541964	0.79	0.79
19901	2143.03	0.000136798	0.406036	0.523685	0.85	0.81
20001	2153.58	0.000116279	0.522529	0.535406	0.82	0.81
20101	2160.15	0.000116279	0.695457	0.581765	0.75	0.87
20201	2175.13	0.000116279	0.515372	0.608324	0.83	0.87
20301	2185.82	0.000116279	0.520822	0.573783	0.82	0.82
20401	2196.2	0.000116279	0.465099	0.579074	0.84	0.75
20501	2202.77	0.000116279	0.772392	0.557622	0.73	0.79
20601	2217.79	0.000116279	0.863225	0.545234	0.77	0.82
20701	2228.39	0.000116279	0.520557	0.563621	0.8	0.85
20801	2238.6	0.000116279	0.736578	0.544593	0.8	0.82
20901	2245.19	0.000116279	0.497329	0.516144	0.82	0.81
21001	2260.64	9.88369e-05	0.544497	0.534501	0.81	0.74
21101	2271.3	9.88369e-05	0.708065	0.582249	0.76	0.76
21201	2281.36	9.88369e-05	0.773601	0.586763	0.76	0.87
21301	2287.94	9.88369e-05	0.370743	0.588611	0.88	0.79
21401	2303.48	9.88369e-05	0.453686	0.582266	0.82	0.78
21501	2314.12	9.88369e-05	0.505077	0.567568	0.85	0.82
21601	2324.05	9.88369e-05	0.681558	0.547647	0.81	0.79
21701	2330.63	9.88369e-05	0.294033	0.607106	0.88	0.82
21801	2346.14	9.88369e-05	0.483328	0.54374	0.83	0.86
21901	2356.73	9.88369e-05	0.466717	0.513317	0.84	0.79
22001	2366.48	8.40113e-05	0.486294	0.521998	0.84	0.83
22101	2373.05	8.40113e-05	0.341073	0.572925	0.9	0.92
22201	2388.83	8.40113e-05	0.599813	0.586631	0.79	0.9
22301	2399.43	8.40113e-05	0.472142	0.556333	0.81	0.87
22401	2409	8.40113e-05	0.504748	0.591797	0.86	0.75
22501	2415.58	8.40113e-05	0.555232	0.534738	0.8	0.79
22601	2431.6	8.40113e-05	0.513986	0.537621	0.8	0.86
22701	2442.21	8.40113e-05	0.452304	0.571579	0.81	0.88
22801	2451.63	8.40113e-05	0.496001	0.532461	0.85	0.76
22901	2458.22	8.40113e-05	0.631669	0.511133	0.77	0.87
23001	2474.4	7.14096e-05	0.547993	0.524973	0.81	0.85
23101	2484.96	7.14096e-05	0.553571	0.562006	0.8	0.86
23201	2494.22	7.14096e-05	0.36097	0.592417	0.9	0.84
23301	2500.8	7.14096e-05	0.462238	0.564725	0.85	0.87
23401	2516.98	7.14096e-05	0.529723	0.582471	0.82	0.86
23501	2527.58	7.14096e-05	0.489936	0.559732	0.81	0.76
23601	2536.69	7.14096e-05	0.55989	0.52614	0.82	0.77
23701	2543.28	7.14096e-05	0.381847	0.575157	0.89	0.84
23801	2559.78	7.14096e-05	0.620598	0.526571	0.77	0.77
23901	2570.37	7.14096e-05	0.494167	0.505288	0.82	0.8
24001	2579.31	6.06982e-05	0.615443	0.513028	0.78	0.78
24101	2585.9	6.06982e-05	0.717241	0.577444	0.77	0.81
24201	2602.53	6.06982e-05	0.444885	0.573519	0.85	0.81
24301	2613.12	6.06982e-05	0.467692	0.55272	0.85	0.89
24401	2621.9	6.06982e-05	0.588303	0.569147	0.8	0.82
24501	2628.5	6.06982e-05	0.436169	0.5485	0.87	0.81
24601	2645.15	6.06982e-05	0.524148	0.520063	0.84	0.79
24701	2655.76	6.06982e-05	0.425004	0.559355	0.88	0.81
24801	2664.38	6.06982e-05	0.312059	0.535654	0.9	0.81
24901	2670.95	6.06982e-05	0.483073	0.497296	0.83	0.83
25001	2687.99	5.15935e-05	0.480784	0.51696	0.8	0.83
25101	2698.41	5.15935e-05	0.613099	0.582519	0.81	0.87
25201	2706.75	5.15935e-05	0.499146	0.583465	0.84	0.8
25301	2713.25	5.15935e-05	0.392565	0.561042	0.86	0.87
25401	2730.03	5.15935e-05	0.415754	0.562627	0.83	0.85
25501	2740.57	5.15935e-05	0.707605	0.541015	0.77	0.82
25601	2748.82	5.15935e-05	0.468883	0.522757	0.84	0.83
25701	2755.38	5.15935e-05	0.567695	0.572846	0.81	0.85
25801	2772.62	5.15935e-05	0.344435	0.519473	0.91	0.86
25901	2783.19	5.15935e-05	0.563238	0.482779	0.89	0.79
26001	2791.3	4.38544e-05	0.508996	0.515746	0.83	0.73
26101	2797.85	4.38544e-05	0.514051	0.575313	0.88	0.81
26201	2815.22	4.38544e-05	0.407017	0.575899	0.85	0.82
26301	2825.77	4.38544e-05	0.442138	0.55972	0.81	0.79
26401	2833.7	4.38544e-05	0.368649	0.572045	0.84	0.78
26501	2840.25	4.38544e-05	0.464254	0.55243	0.82	0.85
26601	2857.61	4.38544e-05	0.4634	0.524742	0.87	0.78
26701	2868.16	4.38544e-05	0.619101	0.57619	0.79	0.81
26801	2875.95	4.38544e-05	0.434063	0.519941	0.85	0.84
26901	2882.5	4.38544e-05	0.615717	0.489855	0.79	0.76
27001	2900.34	3.72763e-05	0.511318	0.508557	0.84	0.86
27101	2910.88	3.72763e-05	0.458612	0.574693	0.88	0.85
27201	2918.49	3.72763e-05	0.345563	0.588989	0.87	0.76
27301	2925.05	3.72763e-05	0.551209	0.55881	0.82	0.9
27401	2942.9	3.72763e-05	0.549375	0.565439	0.86	0.86
27501	2953.44	3.72763e-05	0.437938	0.533542	0.87	0.83
27601	2960.9	3.72763e-05	0.485576	0.532699	0.84	0.86
27701	2967.46	3.72763e-05	0.455397	0.556983	0.78	0.85
27801	2985.36	3.72763e-05	0.478618	0.518316	0.78	0.86
27901	2995.93	3.72763e-05	0.580247	0.488044	0.8	0.83
28001	3003.23	3.16848e-05	0.612836	0.518459	0.77	0.82
28101	3009.78	3.16848e-05	0.486637	0.578536	0.88	0.84
28201	3027.98	3.16848e-05	0.462892	0.571304	0.84	0.77
28301	3038.52	3.16848e-05	0.53916	0.552275	0.84	0.86
28401	3045.71	3.16848e-05	0.651177	0.557989	0.82	0.79
28501	3052.31	3.16848e-05	0.553801	0.529412	0.86	0.91
28601	3071.04	3.16848e-05	0.511257	0.52024	0.84	0.89
28701	3081.7	3.16848e-05	0.652348	0.562823	0.8	0.88
28801	3088.74	3.16848e-05	0.47563	0.526299	0.8	0.78
28901	3095.34	3.16848e-05	0.442748	0.4898	0.86	0.79
29001	3113.84	2.69321e-05	0.624361	0.518606	0.77	0.81
29101	3124.48	2.69321e-05	0.599759	0.575479	0.81	0.87
29201	3131.34	2.69321e-05	0.491483	0.570891	0.85	0.91
29301	3137.95	2.69321e-05	0.503519	0.552442	0.84	0.78
29401	3156.85	2.69321e-05	0.537165	0.552014	0.83	0.87
29501	3167.47	2.69321e-05	0.57624	0.532076	0.82	0.82
29601	3174.18	2.69321e-05	0.421547	0.508038	0.87	0.88
29701	3180.77	2.69321e-05	0.460607	0.561681	0.84	0.82
29801	3199.75	2.69321e-05	0.513452	0.52472	0.83	0.83
29901	3210.38	2.69321e-05	0.447701	0.488177	0.87	0.84
30001	3216.97	2.28923e-05	0.425667	0.506378	0.88	0.84
30101	3231.98	2.28923e-05	0.490712	0.564644	0.82	0.88
30201	3242.69	2.28923e-05	0.370261	0.582507	0.88	0.85
30301	3253.16	2.28923e-05	0.599073	0.55124	0.84	0.8
30401	3259.75	2.28923e-05	0.471823	0.557815	0.84	0.89
30501	3274.83	2.28923e-05	0.39214	0.531951	0.87	0.9
30601	3285.46	2.28923e-05	0.522357	0.513775	0.8	0.85
30701	3295.79	2.28923e-05	0.27343	0.561638	0.92	0.84
30801	3302.39	2.28923e-05	0.583546	0.516713	0.81	0.79
30901	3317.77	2.28923e-05	0.479279	0.481489	0.85	0.8
31001	3328.44	1.94585e-05	0.36169	0.514321	0.88	0.88
